1442.5
1192
913
1046.5
1102
902.5
1169.5
978
847.5
867.5
947.5
1141.5
705.5
1019
1267.5
884.5
1244
1500.5
898.5
1390.5
831.5
1255.5
638.5
1113
1055
993
1057
522
1167
791
933.5
703.5
1011.5
1589
1087
602
717.5
1028.5
1282
1296
611.5
722.5
811.5
673.5
1055
903
461
864
823.5
1020
775
1397
729
840
648.5
836
974
854
773
628.5
650.5
851
981
431.5
568.5
445.5
1141
839
1020
453
403
803
1047.5
678
619
645.5
728
527.5
650.5
1230.5
501
672.5
668.5
515.5
736
359.5
972
852
1120
695
748
559
611
907
400.5
625.5
600
518.5
1152
770.5
873
481.5
964
698.5
339.5
510
591.5
380.5
491.5
543
767
841.5
676.5
711
762.5
633.5
356
482.5
499
666.5
791.5
541.5
461.5
320
363
330
519
289
680.5
657.5
693
416
568
582.5
979.5
719.5
357.5
695.5
827
243.5
838.5
548
433
522
381
936.5
767.5
815
644
515.5
239
812.5
820.5
679
419
413.5
657.5
625.5
613.5
504
899.5
735.5
830.5
560
503.5
251.5
620
783.5
490
230.5
497
222
391
578
511
893.5
722
200
700.5
200
405
440
693
488
795
662.5
502
634.5
488
222
491.5
548
644
582.5
361
342
472
749
364.5
418.5
801.5
407.5
606
461.5
518.5
432.5
656.5
701.5
564
250.5
255
600.5
671
768.5
200
256.5
595.5
467.5
720
677.5
664
448
506
690.5
250
346.5
399
416.5
301
294.5
415.5
354
625
569
305.5
464.5
200
504
595.5
562
365.5
388.5
730
495
213.5
500
583
325.5
515
522
497.5
522
638
767
240
585.5
436
764
404.5
586
541
271
200
547
200
246
539
200
688
319
422
369.5
312
200
226
316
518.5
231.5
674
702.5
548
200
486
292
200
298.5
200
541.5
693
316.5
213.5
200
347
815.5
645.5
489
378.5
298.5
200
257
338.5
781.5
386
688
480.5
352.5
613
498.5
597.5
672
351
238.5
565
501.5
722.5
200
327.5
202
448
844
412
244.5
280
570
756
557.5
369.5
303.5
482
254
790.5
200
475
511
240
254.5
254
396
417
366.5
448.5
200
427.5
303
200
509.5
232.5
200
200
474
387.5
482.5
586.5
668.5
397
200
358
283.5
328
550.5
617
236
547.5
492.5
539.5
200
739
459.5
333.5
333
451
585
602.5
249.5
202.5
507
360.5
393.5
690
302
200
432.5
483.5
200
333.5
434
559.5
200
243
457
200
531
377.5
466
231
376.5
451.5
512
561.5
317
383.5
626
540.5
332
643
434.5
665
252.5
352.5
496.5
373.5
403.5
689.5
417.5
609.5
664
488.5
482.5
484.5
672.5
440.5
200
366.5
252.5
403
466
200
322.5
237
200
426.5
200
200
625
415.5
236.5
703
473
771.5
400.5
200
231
200
379
200
492
330
391
647.5
597.5
370
203
212
549.5
555
361.5
357.5
200
269
351
228
680.5
634.5
405.5
841.5
200
200
325.5
726
342
447.5
200
495
433.5
522
446
429
312
481.5
321.5
240.5
257
521.5
200
200
345.5
200
200
241.5
200
334.5
402.5
200
341
320.5
457.5
277.5
666.5
372
416.5
458.5
552
330
393
200
298
205.5
650
463.5
320
376.5
397
290
482
200
200
577.5
267
296
426.5
280
226.5
498
495
425.5
200
200
277.5
419
453.5
393.5
418
404.5
341
250.5
612
217.5
286.5
518
274
200
474.5
222.5
219.5
718.5
431
200
398
317
200
227.5
388.5
306
200
200
224
200
346.5
200
565
461
243.5
266.5
370
553
200
200
379
200
267
409
200
200
609.5
363
200
232
200
412.5
200
504.5
200
636
354.5
220.5
268.5
301.5
200
319.5
368.5
200
512
544
470.5
425.5
634.5
468
410.5
333
267
518.5
200
200
328
200
568.5
200
200
200
491
241.5
282.5
577.5
279.5
521
235.5
468
465.5
559.5
220
200
200
667
200
348
585
200
200
240
321.5
473
818
200
200
200
200
460.5
200
411
200
200
200
200
285
290.5
200
200
366
235
247
401.5
200
200
200
200
209
582.5
200
200
534
268.5
200
232.5
349.5
557.5
245
288.5
200
200
442.5
335
200
200
200
265
424
200
200
225.5
400.5
667.5
200
305
462.5
341.5
412
406.5
361
497
438.5
200
200
304
409.5
200
200
200
200
200
433.5
490
200
200
549
223.5
200
200
200
434.5
283
280.5
200
302.5
200
453
248
318
210.5
341
200
200
447.5
304.5
200
200
200
200
228
200
391
301.5
200
200
200
200
379.5
423.5
339
458
372.5
200
339
200
200
200
524.5
337
363.5
200
341
200
268.5
587
375
200
250.5
200
200
262
200
514.5
200
449.5
200
200
200
342
411
388.5
614
262
289.5
405.5
200
200
231
348.5
308
200
503
200
200
200
200
228
635.5
420.5
526.5
200
200
379
238.5
264.5
200
371.5
200
611.5
254.5
200
303.5
200
200
294
200
258
200
200
556
200
318
200
453
202.5
200
298
200
200
227
243.5
200
285.5
554
200
200
200
400
200
200
200
374.5
200
316.5
200
200
401.5
233.5
200
289.5
345
273.5
200
200
200
200
200
268
200
401
200
200
564
249.5
200
200
456.5
257.5
289
420
200
200
200
235
481.5
540
581.5
257.5
352
238
300.5
200
200
200
206
206.5
422
200
289.5
379.5
452
264
236
229.5
200
200
200
200
200
204.5
200
270.5
213.5
294.5
200
419.5
452
541
238.5
200
343
200
200
200
499
231
218.5
268.5
401
200
200
200
200
307.5
200
301.5
316.5
200
200
200
200
374.5
470
350.5
200
318.5
362
200
200
430.5
344
303
200
200
200
297
431.5
200
200
200
358
391
200
200
439
210
200
200
435
200
200
283
200
200
660.5
200
412.5
253
200
327.5
200
616
256.5
200
200
200
200
200
200
200
244
200
560
524
307
317.5
319
341
268
200
200
200
212
200
200
200
200
200
200
200
200
200
267
341.5
200
200
200
200
200
200
217
200
200
200
225
400
400.5
200
482.5
287.5
200
360
200
324
420
391
200
351.5
385
350.5
204
200
200
200
200
200
200
257
404
200
200
216
200
419.5
200
200
200
200
306.5
200
200
205
200
200
492.5
200
200
200
200
407
260
217
312.5
200
217.5
361
200
317
200
200
200
200
329
282
200
282
200
200
348
200
200
200
319
200
369.5
200
269.5
412.5
200
240.5
219.5
200
200
200
200
200
200
520
200
320
200
200
260.5
200
200
360.5
200
200
200
448
200
206
228.5
282
264.5
200
315.5
438.5
200
200
279.5
200
249.5
200
200
200
200
200
380.5
200
363.5
200
200
200
377.5
200
200
200
200
200
200
398.5
474.5
296
200
200
299
200
200
210.5
200
200
200
200
280.5
286
200
200
200
229.5
445
200
200
200
200
265
433
200
254
200
200
200
200
290.5
200
200
229
200
200
221
273.5
309
424.5
200
200
200
213.5
200
200
200
200
200
263.5
200
200
200
200
256
200
200
205
200
200
200
200
200
200
200
200
457.5
217
200
297.5
285
200
200
200
200
200
200
200
218
200
328.5
479
200
323.5
200
200
446
239.5
200
321
200
200
200
200
304.5
200
491.5
200
200
328.5
200
200
299.5
395.5
200
200
200
208.5
200
200
325.5
200
305
200
300
200
200
200
200
200
256.5
200
200
200
200
200
200
411.5
200
200
387
203.5
333.5
272
241
350.5
301
200
200
200
220.5
200
301
200
200
200
200
200
200
200
200
200
200
200
200
275.5
200
200
200
200
296
200
200
200
200
331
200
403
342.5
200
200
200
200
200
200
200
301
200
200
200
223
292.5
200
318.5
211
200
200
299
200
351.5
200
200
200
200
329.5
200
229
258.5
200
200
200
200
200
274
200
335.5
200
200
200
342
200
200
402.5
307.5
200
200
200
200
200
200
200
200
265.5
200
200
200
200
200
223.5
310
394.5
200
200
228
200
200
213.5
200
200
200
200
200
200
200
200
309.5
385.5
200
200
200
278
250
200
209
200
200
201.5
200
200
200
200
200
200
200
200
200
200
403
256.5
200
200
272.5
224
200
205
200
232
200
244
200
200
200
205.5
200
200
200
348.5
307
200
200
293
200
204.5
200
200
200
243
200
233.5
200
264.5
200
200
200
261.5
275.5
200
200
200
200
365
200
200
200
200
200
272.5
200
200
200
200
200
200
200
200
200
200
200
209
238.5
202
200
200
200
200
200
200
223.5
200
414.5
200
200
200
200
269
200
200
200
200
200
202
200
200
200
200
200
200
200
285
200
200
200
200
200
211.5
200
200
200
254
200
200
200
200
295
379
200
388.5
356.5
200
231.5
200
200
200
265
200
200
200
200
200
240
200
200
200
200
200
272.5
451
200
200
200
200
200
200
200
200
299.5
200
200
200
200
200
200
200
200
200
200
200
200
200
200
200
200
200
200
200
200
284.5
200
200
229.5
200
200
200
200
200
450
200
219.5
200
200
200
303.5
200
200
200
200
310
200
200
200.5
200
421.5
200
200
200
200
221.5
200
200
200
200
391
200
200
200
200
200
200
200
200
200
200
200
200
331
200
200
200
303
355
200
200
200
214.5
200
321.5
200
200
200
200
474.5
200
200
264.5
265.5
200
200
200
201
200
200
200
200
283
284.5
200
200
200
200
200
200
200
304.5
425.5
200
200
200
200
217.5
200
200
344
200
200
200
200
200
200
200
200
247
200
218
214.5
200
200
200
234.5
200
200
200
200
200
200
200
200
200
221
200
233.5
200
200
200
200
284
201
200
267
200
392
210.5
200
200
200
200
200
200
200
200
309
200
200
200
200
200
200
383
200
384.5
200
303
200
200
200
200
200
200
200
200
200
200
200
325
200
283.5
200
334
200
200
200
200
311
200
200
200
200
286.5
278.5
200
200
200
200
243.5
222.5
200
200
200
200
347.5
200
200
274
313
206
200
349.5
200
200
200
238.5
200
200
200
200
200
200
200
200
200
249
200
388
200
200
200
214
200
200
200
200
200
343.5
200
200
200
200
202.5
239.5
200
204.5
200
200
260
200
200
200
293
200
200
200
200
200
200
207.5
200
200
200
200
200
200
200
200
200
200
200
200
200
296
200
200
200
200
200
200
200
294
277
200
200
200
383.5
200
222
200
200
200
200
200
200
200
200
200
200
200
200
200
200
200
200
200
213.5
200
200
384
200
200
200
200
200
200
200
200
247
200
200
217.5
200
200
200
200
200
200
200
200
200
204.5
234
200
200
200
200
200
200
200
200
200
251.5
200
200
200
200
200
200
200
322
200
200
200
200
200
200
200
200
200
200
200
200
200
200
200
200
200
200
200
200
200
200
200
200
200
200
249
200
200
200
200
200
200
200
216.5
235.5
200
200
337
200
200
200
240.5
200
200
200
200
200
200
200
258.5
204
200
200
200
200
200
200
200
200
200
200
200
267.5
200
200
200
200
200
200
270
227
200
200
200
200
200
200
200
200
200
200
200
200
200
200
200
200
200
200
200
200
200
200
200
200
200
200
200
200
200
200
211.5
200
276
221
200
200
200
200
231.5
200
200
200
200
200
200
200
200
200
200
243.5
200
200
200
200

